0.69324791431427
0.5546565055847168
0.6529156565666199
0.5726768970489502
0.5277252793312073
0.5624818801879883
0.5893586874008179
0.5994592905044556
0.49407482147216797
0.6679384708404541
0.6128562688827515
0.6548905372619629
0.6550114154815674
0.5591326951980591
0.5833866596221924
0.4809204936027527
0.6598594784736633
0.5939642786979675
0.592017412185669
0.6648768186569214
0.6538695096969604
0.7167495489120483
0.6265503168106079
0.5164004564285278
0.5456789135932922
0.6799936890602112
0.5972552299499512
0.6871482133865356
0.564038872718811
0.5609556436538696
0.486722469329834
0.5450611114501953
0.525921106338501
0.5260729789733887
0.524511456489563
0.4768527150154114
0.570801854133606
0.511163592338562
0.5683141946792603
0.6086845397949219
0.677786111831665
0.5222298502922058
0.552711009979248
0.5608289241790771
0.6383612155914307
0.6252787113189697
0.41534924507141113
0.624014139175415
0.5570557713508606
0.49983346462249756
0.6311094760894775
0.5025652050971985
0.6047359704971313
0.6273812055587769
0.632064938545227
0.5479580163955688
0.5533554553985596
0.6321859359741211
0.5794010162353516
0.5905964970588684
0.5139704346656799
0.5935502648353577
0.5329754948616028
0.582887589931488
